[*]
c=8192
n-gpu-layer=8

[Qwen3-Coder-30B-Q4-200K]
c=204800
jinja=true
model=/nix/store/7a9wa51yn56zpwy00hlldyyaaj604vnv-gguf-Qwen3-Coder-30B-Q4-200K/Qwen3-Coder-30B-A3B-Instruct-Q4_K_M.gguf
ngl=99
repeat-penalty=1.050000
temp=0.700000
top-k=20
top-p=0.800000
